time	V(1ni)	V(vout)
0.000000000000000e+000	1.256637e-004	3.582603e-003
1.875000021911432e-009	1.492257e-004	3.582603e-003
1.207359064919509e-007	1.642877e-003	3.582604e-003
2.395968129619904e-007	3.136526e-003	3.582613e-003
3.584577194320299e-007	4.630171e-003	3.582630e-003
4.773186259020693e-007	6.123814e-003	3.582655e-003
5.961795323721088e-007	7.617455e-003	3.582688e-003
7.150404388421483e-007	9.111092e-003	3.582729e-003
8.339013453121874e-007	1.060473e-002	3.582778e-003
1.567797703783957e-006	1.982687e-002	3.583577e-003
3.035590420727495e-006	3.826968e-002	3.587288e-003
5.026744498844900e-006	6.328303e-002	3.595832e-003
7.403776016592356e-006	9.313057e-002	3.610237e-003
1.042552166725109e-005	1.310427e-001	3.632760e-003
1.273599626405890e-005	1.599998e-001	3.652437e-003
1.589679931632373e-005	1.995581e-001	3.682446e-003
1.915310530672550e-005	2.402292e-001	3.717384e-003
2.223973323071148e-005	2.786885e-001	3.755873e-003
2.363546457978887e-005	2.960458e-001	3.776960e-003
2.445140968257148e-005	3.061824e-001	3.793531e-003
2.491405573024286e-005	3.119263e-001	3.815803e-003
2.517149951478550e-005	3.151214e-001	3.863907e-003
2.533475203710749e-005	3.171471e-001	3.977673e-003
2.551163212088090e-005	3.193416e-001	4.297311e-003
2.568972997167019e-005	3.215507e-001	4.974464e-003
2.592788710001280e-005	3.245042e-001	6.495218e-003
2.611138381287893e-005	3.267793e-001	8.158705e-003
2.624231568878951e-005	3.284024e-001	9.674370e-003
2.639794724368776e-005	3.303314e-001	1.173325e-002
2.645696080188524e-005	3.310628e-001	1.257160e-002
2.653011588243330e-005	3.319694e-001	1.365630e-002
2.661061172577082e-005	3.329668e-001	1.487399e-002
2.679025456628861e-005	3.351926e-001	1.764419e-002
2.704105074256853e-005	3.382992e-001	2.156478e-002
2.885105725566356e-005	3.606988e-001	4.961953e-002
3.066106376875859e-005	3.830455e-001	7.724833e-002
3.247107028185361e-005	4.053392e-001	1.044512e-001
3.428107679494865e-005	4.275800e-001	1.312281e-001
3.609108330804368e-005	4.497677e-001	1.575790e-001
3.790108982113870e-005	4.719025e-001	1.835040e-001
3.971109633423373e-005	4.939843e-001	2.090030e-001
4.459390883423373e-005	5.532007e-001	2.768431e-001
5.435953383423372e-005	6.700162e-001	4.069251e-001
6.412515883423373e-005	7.843100e-001	5.312377e-001
7.877359633423374e-005	9.500843e-001	7.092962e-001
9.272448919137662e-005	1.102928e+000	8.725847e-001
1.066753820485195e-004	1.244826e+000	1.026089e+000
1.206262749056624e-004	1.375781e+000	1.169808e+000
1.345771677628052e-004	1.495791e+000	1.303743e+000
1.485280606199481e-004	1.604856e+000	1.427893e+000
1.624789534770910e-004	1.702978e+000	1.542259e+000
1.764298463342338e-004	1.790154e+000	1.646841e+000
1.854979266913767e-004	1.838297e+000	1.707073e+000
1.945660070485196e-004	1.880194e+000	1.761383e+000
2.036340874056624e-004	1.915845e+000	1.809770e+000
2.127021677628053e-004	1.945249e+000	1.852234e+000
2.217702481199482e-004	1.968408e+000	1.888775e+000
2.308383284770910e-004	1.985321e+000	1.919393e+000
2.399064088342339e-004	1.995987e+000	1.944088e+000
2.545548463342339e-004	1.999177e+000	1.970150e+000
2.594376588342339e-004	1.996477e+000	1.975167e+000
2.643204713342339e-004	1.991898e+000	1.978371e+000
2.692032838342339e-004	1.985444e+000	1.980020e+000
2.717391729911425e-004	1.981355e+000	1.980253e+000
2.737504455247802e-004	1.977754e+000	1.980106e+000
2.759207603914623e-004	1.973513e+000	1.979777e+000
2.781536540725906e-004	1.968768e+000	1.979358e+000
2.809176343668734e-004	1.962357e+000	1.978807e+000
2.838113249759803e-004	1.955011e+000	1.978223e+000
2.886941374759803e-004	1.941152e+000	1.977233e+000
2.935769499759803e-004	1.925466e+000	1.976239e+000
2.984597624759803e-004	1.907967e+000	1.975243e+000
3.033425749759803e-004	1.888673e+000	1.974245e+000
3.082253874759803e-004	1.867602e+000	1.973247e+000
3.131081999759803e-004	1.844772e+000	1.972253e+000
3.179910124759803e-004	1.820207e+000	1.971268e+000
3.186013640384803e-004	1.817015e+000	1.971147e+000
3.198220671634803e-004	1.810552e+000	1.970906e+000
3.222634734134803e-004	1.797306e+000	1.970425e+000
3.264233478480436e-004	1.773764e+000	1.969605e+000
3.308617248840725e-004	1.747310e+000	1.968730e+000
3.406273498840725e-004	1.684351e+000	1.966808e+000
3.538806980983582e-004	1.586710e+000	1.964202e+000
3.671340463126440e-004	1.480103e+000	1.961600e+000
3.803873945269297e-004	1.364531e+000	1.959001e+000
3.936407427412154e-004	1.239993e+000	1.956405e+000
4.068940909555011e-004	1.106489e+000	1.953813e+000
4.201474391697869e-004	9.640192e-001	1.951224e+000
4.334007873840726e-004	8.125840e-001	1.948639e+000
4.410737784555011e-004	7.230306e-001	1.947144e+000
4.487467695269297e-004	6.323318e-001	1.945650e+000
4.564197605983583e-004	5.404876e-001	1.944157e+000
4.640927516697869e-004	4.474980e-001	1.942666e+000
4.717657427412155e-004	3.533629e-001	1.941175e+000
4.794387338126441e-004	2.580825e-001	1.939685e+000
4.871117248840726e-004	1.616566e-001	1.938197e+000
4.912969927412154e-004	1.090944e-001	1.937386e+000
4.954822605983583e-004	5.654748e-002	1.936575e+000
4.996675284555011e-004	4.015952e-003	1.935764e+000
5.038527963126440e-004	-4.850020e-002	1.934954e+000
5.080380641697868e-004	-1.010010e-001	1.934144e+000
5.122233320269297e-004	-1.534864e-001	1.933334e+000
5.164085998840725e-004	-2.059565e-001	1.932525e+000
5.247791355983582e-004	-3.109522e-001	1.930908e+000
5.331496713126439e-004	-4.143857e-001	1.929291e+000
5.415202070269297e-004	-5.162569e-001	1.927677e+000
5.498907427412155e-004	-6.165658e-001	1.926063e+000
5.582612784555012e-004	-7.153126e-001	1.924451e+000
5.666318141697869e-004	-8.124970e-001	1.922840e+000
5.750023498840726e-004	-9.081193e-001	1.921231e+000
5.889532427412155e-004	-1.063105e+000	1.918551e+000
6.029041355983583e-004	-1.207401e+000	1.915876e+000
6.168550284555012e-004	-1.341006e+000	1.913204e+000
6.308059213126440e-004	-1.463920e+000	1.910536e+000
6.447568141697870e-004	-1.576144e+000	1.907871e+000
6.587077070269299e-004	-1.677678e+000	1.905210e+000
6.726585998840727e-004	-1.768522e+000	1.902553e+000
6.991652963126441e-004	-1.898397e+000	1.897515e+000
7.256719927412156e-004	-1.974823e+000	1.892490e+000
7.521786891697870e-004	-1.997800e+000	1.887479e+000
7.786853855983585e-004	-1.967329e+000	1.882480e+000
8.051920820269300e-004	-1.883409e+000	1.877495e+000
8.316987784555014e-004	-1.746041e+000	1.872523e+000
8.582054748840728e-004	-1.555224e+000	1.867565e+000
8.700637338126442e-004	-1.455681e+000	1.865350e+000
8.819219927412158e-004	-1.349639e+000	1.863139e+000
8.937802516697872e-004	-1.237097e+000	1.860930e+000
9.056385105983586e-004	-1.118056e+000	1.858724e+000
9.174967695269301e-004	-9.925152e-001	1.856520e+000
9.293550284555015e-004	-8.604748e-001	1.854319e+000
9.412132873840729e-004	-7.219347e-001	1.852121e+000
9.481887338126443e-004	-6.391128e-001	1.850829e+000
9.551641802412157e-004	-5.554697e-001	1.849538e+000
9.621396266697871e-004	-4.710054e-001	1.848247e+000
9.691150730983585e-004	-3.857199e-001	1.846958e+000
9.760905195269299e-004	-2.996132e-001	1.845670e+000
9.830659659555013e-004	-2.126853e-001	1.844382e+000
9.900414123840727e-004	-1.249362e-001	1.843096e+000
9.998070373840725e-004	-2.299176e-003	1.841296e+000
1.004689849884072e-003	5.919513e-002	1.840397e+000
1.009572662384072e-003	1.204901e-001	1.839498e+000
1.014455474884072e-003	1.815856e-001	1.838600e+000
1.019338287384072e-003	2.424818e-001	1.837702e+000
1.024221099884072e-003	3.031786e-001	1.836805e+000
1.029103912384072e-003	3.636760e-001	1.835907e+000
1.033986724884072e-003	4.239740e-001	1.835011e+000
1.044449894526929e-003	5.527573e-001	1.833091e+000
1.054913064169786e-003	6.778486e-001	1.831174e+000
1.065376233812643e-003	7.992477e-001	1.829258e+000
1.075839403455500e-003	9.169547e-001	1.827344e+000
1.086302573098357e-003	1.030970e+000	1.825432e+000
1.096765742741213e-003	1.141292e+000	1.823523e+000
1.107228912384070e-003	1.247923e+000	1.821615e+000
1.114204358812641e-003	1.315493e+000	1.820344e+000
1.121179805241213e-003	1.380241e+000	1.819074e+000
1.128155251669784e-003	1.442167e+000	1.817805e+000
1.135130698098355e-003	1.501273e+000	1.816537e+000
1.142106144526927e-003	1.557557e+000	1.815270e+000
1.149081590955498e-003	1.611020e+000	1.814004e+000
1.156057037384069e-003	1.661661e+000	1.812739e+000
1.160939849884069e-003	1.695022e+000	1.811853e+000
1.165822662384069e-003	1.726787e+000	1.810969e+000
1.170705474884069e-003	1.756927e+000	1.810085e+000
1.175588287384069e-003	1.785414e+000	1.809203e+000
1.178822920693409e-003	1.803361e+000	1.808619e+000
1.181995151152966e-003	1.820239e+000	1.808048e+000
1.185158115268693e-003	1.836347e+000	1.807482e+000
1.189427794269570e-003	1.856941e+000	1.806727e+000
1.194310606769570e-003	1.878852e+000	1.805872e+000
1.199193419269570e-003	1.898996e+000	1.805024e+000
1.204076231769570e-003	1.917352e+000	1.804185e+000
1.208959044269570e-003	1.933904e+000	1.803354e+000
1.212679151987680e-003	1.945293e+000	1.802730e+000
1.214298050619696e-003	1.949918e+000	1.802535e+000
1.215108795517381e-003	1.952159e+000	1.802745e+000
1.215461987609005e-003	1.953119e+000	1.803303e+000
1.215663254022564e-003	1.953662e+000	1.804030e+000
1.215813327266729e-003	1.954064e+000	1.804806e+000
1.215880406748248e-003	1.954244e+000	1.805209e+000
1.215979806665949e-003	1.954509e+000	1.805849e+000
1.216069552833194e-003	1.954748e+000	1.806448e+000
1.216165131345216e-003	1.955002e+000	1.807101e+000
1.216348677924179e-003	1.955487e+000	1.808378e+000
1.216654886322834e-003	1.956291e+000	1.810532e+000
1.222167139041651e-003	1.969517e+000	1.845799e+000
1.226745144773334e-003	1.978707e+000	1.870681e+000
1.231627957273334e-003	1.986704e+000	1.893920e+000
1.236510769773334e-003	1.992831e+000	1.913693e+000
1.241393582273334e-003	1.997083e+000	1.930299e+000
1.246276394773334e-003	1.999456e+000	1.944023e+000
1.251159207273333e-003	1.999946e+000	1.955088e+000
1.256042019773333e-003	1.998554e+000	1.963670e+000
1.260924832273333e-003	1.995281e+000	1.969911e+000
1.265807644773333e-003	1.990131e+000	1.973943e+000
1.270690457273333e-003	1.983107e+000	1.976130e+000
1.273235744886808e-003	1.978705e+000	1.976540e+000
1.275146095528638e-003	1.975069e+000	1.976479e+000
1.277095634701909e-003	1.971065e+000	1.976227e+000
1.279085242182441e-003	1.966673e+000	1.975873e+000
1.281488502243188e-003	1.960959e+000	1.975401e+000
1.284098109648534e-003	1.954248e+000	1.974876e+000
1.288080632936989e-003	1.942994e+000	1.974071e+000
1.292963445436989e-003	1.927536e+000	1.973079e+000
1.297846257936989e-003	1.910265e+000	1.972085e+000
1.302729070436989e-003	1.891195e+000	1.971089e+000
1.307611882936989e-003	1.870346e+000	1.970093e+000
1.312494695436988e-003	1.847736e+000	1.969097e+000
1.317377507936988e-003	1.823388e+000	1.968110e+000
1.321126930474321e-003	1.803525e+000	1.967365e+000
1.324983869308553e-003	1.782048e+000	1.966606e+000
1.342882686257175e-003	1.668900e+000	1.963087e+000
1.356136034471461e-003	1.569309e+000	1.960487e+000
1.369389382685746e-003	1.460901e+000	1.957889e+000
1.382642730900031e-003	1.343676e+000	1.955295e+000
1.395896079114317e-003	1.217634e+000	1.952704e+000
1.409149427328602e-003	1.082775e+000	1.950117e+000
1.422402775542888e-003	9.390994e-001	1.947533e+000
1.435656123757173e-003	7.866066e-001	1.944953e+000
1.443329114828602e-003	6.965352e-001	1.943461e+000
1.451002105900030e-003	6.053822e-001	1.941970e+000
1.458675096971458e-003	5.131476e-001	1.940480e+000
1.466348088042887e-003	4.198313e-001	1.938991e+000
1.474021079114315e-003	3.254334e-001	1.937503e+000
1.481694070185744e-003	2.299539e-001	1.936016e+000
1.489367061257172e-003	1.333927e-001	1.934531e+000
1.513781123757172e-003	-1.730876e-001	1.929812e+000
1.522151659471457e-003	-2.782963e-001	1.928197e+000
1.530522195185742e-003	-3.820302e-001	1.926583e+000
1.538892730900028e-003	-4.842894e-001	1.924970e+000
1.547263266614314e-003	-5.850739e-001	1.923359e+000
1.555633802328599e-003	-6.843836e-001	1.921749e+000
1.564004338042885e-003	-7.822186e-001	1.920140e+000
1.572374873757170e-003	-8.785789e-001	1.918533e+000
1.586325766614313e-003	-1.035006e+000	1.915858e+000
1.600276659471455e-003	-1.180924e+000	1.913186e+000
1.614227552328598e-003	-1.316331e+000	1.910518e+000
1.628178445185740e-003	-1.441229e+000	1.907853e+000
1.642129338042883e-003	-1.555616e+000	1.905192e+000
1.656080230900026e-003	-1.659494e+000	1.902535e+000
1.670031123757168e-003	-1.752862e+000	1.899882e+000
1.697235364828596e-003	-1.890682e+000	1.894719e+000
1.724439605900024e-003	-1.972294e+000	1.889569e+000
1.751643846971452e-003	-1.997700e+000	1.884434e+000
1.778848088042880e-003	-1.966898e+000	1.879312e+000
1.806052329114308e-003	-1.879889e+000	1.874205e+000
1.833256570185736e-003	-1.736672e+000	1.869111e+000
1.860460811257164e-003	-1.537248e+000	1.864032e+000
1.872319070185735e-003	-1.436107e+000	1.861822e+000
1.884177329114307e-003	-1.328593e+000	1.859614e+000
1.896035588042878e-003	-1.214706e+000	1.857410e+000
1.907893846971449e-003	-1.094447e+000	1.855208e+000
1.919752105900020e-003	-9.678147e-001	1.853008e+000
1.931610364828591e-003	-8.348100e-001	1.850811e+000
1.943468623757162e-003	-6.954325e-001	1.848617e+000
1.950444070185734e-003	-6.121947e-001	1.847327e+000
1.957419516614305e-003	-5.281889e-001	1.846039e+000
1.964394963042876e-003	-4.434149e-001	1.844751e+000
1.971370409471448e-003	-3.578729e-001	1.843464e+000
1.978345855900019e-003	-2.715629e-001	1.842178e+000
1.985321302328590e-003	-1.844848e-001	1.840893e+000
1.992296748757162e-003	-9.663860e-002	1.839609e+000
1.995784471971447e-003	-5.278949e-002	1.838967e+000
1.999272195185733e-003	-8.967590e-003	1.838326e+000
2.002759918400019e-003	3.482709e-002	1.837685e+000
2.006247641614304e-003	7.859454e-002	1.837044e+000
2.009735364828590e-003	1.223348e-001	1.836403e+000
2.013223088042875e-003	1.660478e-001	1.835762e+000
2.016710811257161e-003	2.097336e-001	1.835122e+000
2.025081346971447e-003	3.147030e-001	1.833586e+000
2.033451882685732e-003	4.181001e-001	1.832051e+000
2.041822418400018e-003	5.199249e-001	1.830517e+000
2.050192954114303e-003	6.201774e-001	1.828985e+000
2.058563489828589e-003	7.188577e-001	1.827454e+000
2.066934025542874e-003	8.159656e-001	1.825925e+000
2.075304561257160e-003	9.115013e-001	1.824396e+000
2.086465275542874e-003	1.035324e+000	1.822361e+000
2.097625989828588e-003	1.152708e+000	1.820327e+000
2.108786704114302e-003	1.263654e+000	1.818296e+000
2.119947418400016e-003	1.368163e+000	1.816267e+000
2.131108132685730e-003	1.466233e+000	1.814240e+000
2.142268846971444e-003	1.557865e+000	1.812216e+000
2.153429561257158e-003	1.643060e+000	1.810193e+000
2.158312373757158e-003	1.677266e+000	1.809309e+000
2.163195186257158e-003	1.709894e+000	1.808426e+000
2.168077998757158e-003	1.740912e+000	1.807543e+000
2.172960811257158e-003	1.770292e+000	1.806662e+000
2.176662384913691e-003	1.791456e+000	1.805994e+000
2.180259495313287e-003	1.811093e+000	1.805346e+000
2.183236365175405e-003	1.826646e+000	1.804813e+000
2.186212831752769e-003	1.841558e+000	1.804285e+000
2.191095644252769e-003	1.864623e+000	1.803427e+000
2.195978456752769e-003	1.885933e+000	1.802576e+000
2.200861269252769e-003	1.905468e+000	1.801734e+000
2.205744081752769e-003	1.923210e+000	1.800900e+000
2.210626894252769e-003	1.939141e+000	1.800075e+000
2.212814482241620e-003	1.945688e+000	1.799714e+000
2.213996028952462e-003	1.949071e+000	1.799568e+000
2.214500624130315e-003	1.950483e+000	1.799683e+000
2.214785660954236e-003	1.951272e+000	1.800061e+000
2.214970560284915e-003	1.951780e+000	1.800631e+000
2.215134257435296e-003	1.952228e+000	1.801390e+000
2.215216464354919e-003	1.952452e+000	1.801853e+000
2.215305944439608e-003	1.952696e+000	1.802411e+000
2.215402758858382e-003	1.952958e+000	1.803047e+000
2.215512407816579e-003	1.953255e+000	1.803792e+000
2.215598162898854e-003	1.953486e+000	1.804387e+000
2.215771030979710e-003	1.953951e+000	1.805606e+000
2.216077032946766e-003	1.954768e+000	1.807779e+000
2.219074115173613e-003	1.962389e+000	1.827631e+000
2.222071197400460e-003	1.969310e+000	1.846028e+000
2.225068279627307e-003	1.975530e+000	1.862970e+000
2.228065361854154e-003	1.981049e+000	1.878457e+000
2.231062444081001e-003	1.985867e+000	1.892489e+000
2.234059526307848e-003	1.989984e+000	1.905065e+000
2.237056608534695e-003	1.993400e+000	1.916186e+000
2.241939421034695e-003	1.997442e+000	1.932351e+000
2.246822233534695e-003	1.999604e+000	1.945685e+000
2.251705046034695e-003	1.999884e+000	1.956399e+000
2.256587858534695e-003	1.998282e+000	1.964662e+000
2.261470671034695e-003	1.994799e+000	1.970611e+000
2.266353483534695e-003	1.989438e+000	1.974373e+000
2.271236296034694e-003	1.982206e+000	1.976321e+000
2.273729292123961e-003	1.977793e+000	1.976619e+000
2.275703312376842e-003	1.973955e+000	1.976493e+000
2.277827038196699e-003	1.969486e+000	1.976175e+000
2.279982096474669e-003	1.964593e+000	1.975773e+000
2.282634382185818e-003	1.958077e+000	1.975244e+000
2.285416694125498e-003	1.950657e+000	1.974683e+000
2.290299506625498e-003	1.936195e+000	1.973694e+000
2.295182319125498e-003	1.919912e+000	1.972701e+000
2.300065131625498e-003	1.901821e+000	1.971706e+000
2.304947944125498e-003	1.881940e+000	1.970709e+000
2.309830756625498e-003	1.860289e+000	1.969713e+000
2.314713569125498e-003	1.836886e+000	1.968721e+000
2.319596381625497e-003	1.811755e+000	1.967740e+000
2.320204666932853e-003	1.808504e+000	1.967619e+000
2.321421237547565e-003	1.801923e+000	1.967380e+000
2.323854378776988e-003	1.788446e+000	1.966901e+000
2.333169520774547e-003	1.733016e+000	1.965069e+000
2.346422868988832e-003	1.641961e+000	1.962465e+000
2.359676217203118e-003	1.541462e+000	1.959865e+000
2.372929565417403e-003	1.431518e+000	1.957268e+000
2.386182913631688e-003	1.312129e+000	1.954675e+000
2.399436261845974e-003	1.183295e+000	1.952085e+000
2.412689610060259e-003	1.045017e+000	1.949499e+000
2.425942958274545e-003	8.972948e-001	1.946916e+000
2.434313493988830e-003	8.013984e-001	1.945286e+000
2.442684029703116e-003	7.039718e-001	1.943658e+000
2.451054565417402e-003	6.050151e-001	1.942031e+000
2.459425101131687e-003	5.045282e-001	1.940406e+000
2.467795636845972e-003	4.025112e-001	1.938782e+000
2.476166172560258e-003	2.989641e-001	1.937159e+000
2.484536708274544e-003	1.938868e-001	1.935538e+000
2.499185145774543e-003	1.011405e-002	1.932703e+000
2.503370413631686e-003	-4.256695e-002	1.931894e+000
2.507555681488829e-003	-9.512791e-002	1.931086e+000
2.511740949345971e-003	-1.475688e-001	1.930277e+000
2.515926217203114e-003	-1.998897e-001	1.929469e+000
2.520111485060257e-003	-2.520905e-001	1.928662e+000
2.524296752917400e-003	-3.041712e-001	1.927854e+000
2.528482020774543e-003	-3.561319e-001	1.927047e+000
2.538247645774542e-003	-4.772183e-001	1.925166e+000
2.548013270774542e-003	-5.954284e-001	1.923286e+000
2.557778895774542e-003	-7.107620e-001	1.921408e+000
2.567544520774542e-003	-8.232193e-001	1.919532e+000
2.577310145774542e-003	-9.328001e-001	1.917657e+000
2.587075770774541e-003	-1.039505e+000	1.915785e+000
2.596841395774541e-003	-1.143333e+000	1.913914e+000
2.612884922560255e-003	-1.305759e+000	1.910845e+000
2.628928449345969e-003	-1.451719e+000	1.907781e+000
2.644971976131683e-003	-1.581210e+000	1.904721e+000
2.661015502917397e-003	-1.694234e+000	1.901667e+000
2.677059029703111e-003	-1.790791e+000	1.898617e+000
2.693102556488825e-003	-1.870880e+000	1.895572e+000
2.709146083274539e-003	-1.934502e+000	1.892533e+000
2.731467511845967e-003	-1.984163e+000	1.888311e+000
2.753788940417395e-003	-1.996430e+000	1.884100e+000
2.776110368988823e-003	-1.971302e+000	1.879897e+000
2.798431797560251e-003	-1.908779e+000	1.875704e+000
2.820753226131679e-003	-1.808862e+000	1.871520e+000
2.843074654703107e-003	-1.671550e+000	1.867346e+000
2.865396083274535e-003	-1.496843e+000	1.863181e+000
2.877254342203107e-003	-1.392273e+000	1.860972e+000
2.889112601131678e-003	-1.281614e+000	1.858765e+000
2.900970860060249e-003	-1.164864e+000	1.856562e+000
2.912829118988820e-003	-1.042023e+000	1.854361e+000
2.924687377917391e-003	-9.130922e-001	1.852162e+000
2.936545636845962e-003	-7.780708e-001	1.849966e+000
2.948403895774534e-003	-6.369590e-001	1.847773e+000
2.954681797560248e-003	-5.614002e-001	1.846613e+000
2.960959699345962e-003	-4.852668e-001	1.845454e+000
2.967237601131676e-003	-4.085587e-001	1.844295e+000
2.973515502917390e-003	-3.312760e-001	1.843137e+000
2.979793404703105e-003	-2.534187e-001	1.841980e+000
2.986071306488819e-003	-1.749867e-001	1.840824e+000
2.992349208274533e-003	-9.598014e-002	1.839668e+000
2.995836931488818e-003	-5.213048e-002	1.839026e+000
2.999324654703104e-003	-8.308367e-003	1.838384e+000
3.002812377917390e-003	3.548621e-002	1.837743e+000
3.006300101131675e-003	7.925326e-002	1.837102e+000
3.009787824345961e-003	1.229928e-001	1.836461e+000
3.013275547560246e-003	1.667047e-001	1.835821e+000
3.016763270774532e-003	2.103892e-001	1.835180e+000
3.025133806488818e-003	3.153539e-001	1.833644e+000
3.033504342203103e-003	4.187446e-001	1.832109e+000
3.041874877917389e-003	5.205614e-001	1.830576e+000
3.050245413631674e-003	6.208041e-001	1.829043e+000
3.058615949345960e-003	7.194727e-001	1.827513e+000
3.066986485060245e-003	8.165674e-001	1.825983e+000
3.075357020774531e-003	9.120880e-001	1.824454e+000
3.086517735060245e-003	1.035888e+000	1.822419e+000
3.097678449345959e-003	1.153247e+000	1.820385e+000
3.108839163631673e-003	1.264165e+000	1.818354e+000
3.119999877917387e-003	1.368644e+000	1.816325e+000
3.131160592203101e-003	1.466681e+000	1.814298e+000
3.142321306488815e-003	1.558279e+000	1.812273e+000
3.153482020774529e-003	1.643436e+000	1.810251e+000
3.158364833274529e-003	1.677625e+000	1.809367e+000
3.163247645774529e-003	1.710236e+000	1.808484e+000
3.168130458274529e-003	1.741237e+000	1.807601e+000
3.173013270774529e-003	1.770599e+000	1.806719e+000
3.176943935022545e-003	1.793026e+000	1.806010e+000
3.180068788133514e-003	1.810075e+000	1.805448e+000
3.183177349795082e-003	1.826344e+000	1.804891e+000
3.186702865946000e-003	1.843951e+000	1.804265e+000
3.191585678446000e-003	1.866841e+000	1.803408e+000
3.196468490946000e-003	1.887974e+000	1.802558e+000
3.201351303446000e-003	1.907330e+000	1.801716e+000
3.206234115945999e-003	1.924890e+000	1.800883e+000
3.211116928445999e-003	1.940639e+000	1.800061e+000
3.213180904327059e-003	1.946748e+000	1.799728e+000
3.214251698577398e-003	1.949789e+000	1.799676e+000
3.214672422929456e-003	1.950959e+000	1.799940e+000
3.214912534377045e-003	1.951621e+000	1.800467e+000
3.215091721939753e-003	1.952112e+000	1.801181e+000
3.215205899420627e-003	1.952424e+000	1.801782e+000
3.215279425792631e-003	1.952624e+000	1.802225e+000
3.215377969715594e-003	1.952891e+000	1.802860e+000
3.215477598736981e-003	1.953161e+000	1.803527e+000
3.215567565450672e-003	1.953404e+000	1.804146e+000
3.215744264469299e-003	1.953879e+000	1.805386e+000
3.216046083597531e-003	1.954686e+000	1.807527e+000
3.216790588109345e-003	1.956644e+000	1.812772e+000
3.217535092621159e-003	1.958560e+000	1.817881e+000
3.218279597132973e-003	1.960434e+000	1.822854e+000
3.219024101644787e-003	1.962264e+000	1.827692e+000
3.219768606156601e-003	1.964051e+000	1.832395e+000
3.220513110668415e-003	1.965795e+000	1.836961e+000
3.221257615180229e-003	1.967497e+000	1.841393e+000
3.225590700041568e-003	1.976543e+000	1.865505e+000
3.230473512541568e-003	1.984982e+000	1.889403e+000
3.235356325041567e-003	1.991552e+000	1.909831e+000
3.240239137541567e-003	1.996248e+000	1.927045e+000
3.245121950041567e-003	1.999065e+000	1.941340e+000
3.250004762541567e-003	2.000000e+000	1.952948e+000
3.254887575041567e-003	1.999053e+000	1.962049e+000
3.259770387541567e-003	1.996225e+000	1.968790e+000
3.264653200041567e-003	1.991518e+000	1.973299e+000
3.269536012541567e-003	1.984936e+000	1.975901e+000
3.272472483843547e-003	1.980078e+000	1.976572e+000
3.274486445331066e-003	1.976357e+000	1.976604e+000
3.276334896091835e-003	1.972662e+000	1.976414e+000
3.278268243267884e-003	1.968514e+000	1.976094e+000
3.281100793113990e-003	1.961911e+000	1.975548e+000
3.283872408802311e-003	1.954849e+000	1.974993e+000
3.287205275391899e-003	1.945572e+000	1.974319e+000
3.292088087891899e-003	1.930441e+000	1.973328e+000
3.296970900391898e-003	1.913494e+000	1.972335e+000
3.301853712891898e-003	1.894746e+000	1.971339e+000
3.306736525391898e-003	1.874214e+000	1.970342e+000
3.311619337891898e-003	1.851918e+000	1.969346e+000
3.316502150391898e-003	1.827880e+000	1.968357e+000
3.320250656054067e-003	1.808257e+000	1.967609e+000
3.324205510059929e-003	1.786467e+000	1.966830e+000
3.328434766501188e-003	1.761945e+000	1.965998e+000
3.342859152464625e-003	1.669063e+000	1.963163e+000
3.356112500678911e-003	1.569492e+000	1.960562e+000
3.369365848893196e-003	1.461103e+000	1.957964e+000
3.382619197107482e-003	1.343895e+000	1.955370e+000
3.395872545321767e-003	1.217869e+000	1.952779e+000
3.409125893536052e-003	1.083024e+000	1.950192e+000
3.422379241750338e-003	9.393604e-001	1.947608e+000
3.435632589964623e-003	7.868785e-001	1.945028e+000
3.443305581036052e-003	6.968124e-001	1.943535e+000
3.450978572107480e-003	6.056640e-001	1.942044e+000
3.458651563178909e-003	5.134334e-001	1.940554e+000
3.466324554250337e-003	4.201204e-001	1.939065e+000
3.473997545321765e-003	3.257252e-001	1.937577e+000
3.481670536393194e-003	2.302476e-001	1.936091e+000
3.489343527464622e-003	1.336878e-001	1.934605e+000
3.513757589964622e-003	-1.727929e-001	1.929886e+000
3.522128125678907e-003	-2.780034e-001	1.928271e+000
3.530498661393193e-003	-3.817399e-001	1.926657e+000
3.538869197107478e-003	-4.840025e-001	1.925044e+000
3.547239732821764e-003	-5.847911e-001	1.923433e+000
3.555610268536049e-003	-6.841057e-001	1.921823e+000
3.563980804250335e-003	-7.819465e-001	1.920214e+000
3.572351339964620e-003	-8.783132e-001	1.918607e+000
3.586302232821763e-003	-1.034753e+000	1.915931e+000
3.600253125678906e-003	-1.180685e+000	1.913259e+000
3.614204018536048e-003	-1.316108e+000	1.910591e+000
3.628154911393191e-003	-1.441024e+000	1.907926e+000
3.642105804250333e-003	-1.555431e+000	1.905266e+000
3.656056697107476e-003	-1.659329e+000	1.902608e+000
3.670007589964618e-003	-1.752720e+000	1.899955e+000
3.697211831036046e-003	-1.890589e+000	1.894792e+000
3.724416072107474e-003	-1.972251e+000	1.889642e+000
3.751620313178902e-003	-1.997704e+000	1.884507e+000
3.778824554250330e-003	-1.966950e+000	1.879385e+000
3.806028795321759e-003	-1.879987e+000	1.874277e+000
3.833233036393186e-003	-1.736816e+000	1.869183e+000
3.860437277464614e-003	-1.537438e+000	1.864103e+000
3.872295536393186e-003	-1.436313e+000	1.861893e+000
3.884153795321756e-003	-1.328814e+000	1.859686e+000
3.896012054250328e-003	-1.214941e+000	1.857481e+000
3.907870313178899e-003	-1.094694e+000	1.855279e+000
3.919728572107470e-003	-9.680734e-001	1.853079e+000
3.931586831036041e-003	-8.350786e-001	1.850882e+000
3.943445089964612e-003	-6.957098e-001	1.848688e+000
3.950420536393184e-003	-6.124763e-001	1.847399e+000
3.957395982821755e-003	-5.284741e-001	1.846110e+000
3.964371429250327e-003	-4.437033e-001	1.844822e+000
3.971346875678897e-003	-3.581639e-001	1.843535e+000
3.978322322107469e-003	-2.718559e-001	1.842249e+000
3.985297768536040e-003	-1.847792e-001	1.840964e+000
3.992273214964611e-003	-9.693399e-002	1.839680e+000
3.995760938178897e-003	-5.308512e-002	1.839038e+000
3.999248661393183e-003	-9.263321e-003	1.838397e+000
4.002736384607468e-003	3.453140e-002	1.837755e+000
4.006224107821754e-003	7.829904e-002	1.837114e+000
4.009711831036040e-003	1.220396e-001	1.836473e+000
4.013199554250326e-003	1.657531e-001	1.835833e+000
4.016687277464611e-003	2.094395e-001	1.835192e+000
4.025057813178896e-003	3.144109e-001	1.833656e+000
4.033428348893182e-003	4.178109e-001	1.832121e+000
4.041798884607467e-003	5.196393e-001	1.830588e+000
4.050169420321753e-003	6.198963e-001	1.829056e+000
4.058539956036038e-003	7.185817e-001	1.827525e+000
4.066910491750325e-003	8.156956e-001	1.825995e+000
4.075281027464610e-003	9.112380e-001	1.824467e+000
4.086441741750324e-003	1.035071e+000	1.822431e+000
4.097602456036038e-003	1.152466e+000	1.820397e+000
4.108763170321752e-003	1.263425e+000	1.818366e+000
4.119923884607466e-003	1.367947e+000	1.816337e+000
4.131084598893180e-003	1.466032e+000	1.814310e+000
4.142245313178894e-003	1.557680e+000	1.812285e+000
4.153406027464608e-003	1.642891e+000	1.810263e+000
4.158288839964608e-003	1.677105e+000	1.809379e+000
4.163171652464608e-003	1.709740e+000	1.808496e+000
4.168054464964608e-003	1.740767e+000	1.807613e+000
4.172937277464608e-003	1.770154e+000	1.806731e+000
4.176724791619685e-003	1.791804e+000	1.806048e+000
4.180156386280601e-003	1.810543e+000	1.805430e+000
4.183191066377553e-003	1.826414e+000	1.804886e+000
4.186229748900892e-003	1.841641e+000	1.804347e+000
4.191112561400891e-003	1.864700e+000	1.803489e+000
4.195995373900891e-003	1.886003e+000	1.802639e+000
4.200878186400891e-003	1.905532e+000	1.801796e+000
4.205760998900891e-003	1.923268e+000	1.800962e+000
4.210643811400891e-003	1.939193e+000	1.800138e+000
4.212879678083647e-003	1.945877e+000	1.799769e+000
4.214056279391686e-003	1.949240e+000	1.799632e+000
4.214541537254414e-003	1.950596e+000	1.799774e+000
4.214826632470043e-003	1.951385e+000	1.800195e+000
4.215007866826022e-003	1.951882e+000	1.800791e+000
4.215174214962526e-003	1.952337e+000	1.801592e+000
4.215251985512094e-003	1.952549e+000	1.802041e+000
4.215349488042553e-003	1.952814e+000	1.802659e+000
4.215449920781689e-003	1.953086e+000	1.803326e+000
4.215559740493815e-003	1.953383e+000	1.804078e+000
4.215647038292514e-003	1.953618e+000	1.804687e+000
4.215830700860212e-003	1.954111e+000	1.805985e+000
4.216146762052291e-003	1.954953e+000	1.808229e+000
4.218078662584885e-003	1.959933e+000	1.821344e+000
4.220010563117478e-003	1.964624e+000	1.833777e+000
4.221942463650072e-003	1.969024e+000	1.845527e+000
4.223874364182666e-003	1.973133e+000	1.856594e+000
4.225806264715260e-003	1.976953e+000	1.866979e+000
4.227738165247853e-003	1.980482e+000	1.876681e+000
4.229670065780447e-003	1.983721e+000	1.885701e+000
4.234552878280447e-003	1.990600e+000	1.906693e+000
4.239435690780447e-003	1.995604e+000	1.924415e+000
4.244318503280446e-003	1.998730e+000	1.939174e+000
4.249201315780446e-003	1.999975e+000	1.951211e+000
4.254084128280446e-003	1.999338e+000	1.960715e+000
4.258966940780446e-003	1.996819e+000	1.967836e+000
4.263849753280446e-003	1.992421e+000	1.972704e+000
4.268732565780446e-003	1.986148e+000	1.975619e+000
4.271910279773132e-003	1.981061e+000	1.976508e+000
4.274054603817371e-003	1.977181e+000	1.976622e+000
4.275870196842234e-003	1.973616e+000	1.976475e+000
4.277813563531543e-003	1.969516e+000	1.976175e+000
4.280138255723731e-003	1.964225e+000	1.975737e+000
4.282883543687239e-003	1.957437e+000	1.975190e+000
4.285720595961487e-003	1.949810e+000	1.974618e+000
4.290603408461487e-003	1.935235e+000	1.973628e+000
4.295486220961486e-003	1.918838e+000	1.972635e+000
4.300369033461486e-003	1.900636e+000	1.971640e+000
4.305251845961486e-003	1.880644e+000	1.970643e+000
4.310134658461486e-003	1.858883e+000	1.969647e+000
4.315017470961486e-003	1.835372e+000	1.968656e+000
4.319900283461486e-003	1.810134e+000	1.967679e+000
4.324506435737163e-003	1.784764e+000	1.966769e+000
4.329389248237163e-003	1.756238e+000	1.965808e+000
4.334272060737163e-003	1.726059e+000	1.964848e+000
4.347525408951448e-003	1.634017e+000	1.962245e+000
4.360778757165734e-003	1.532601e+000	1.959645e+000
4.374032105380019e-003	1.421809e+000	1.957049e+000
4.387285453594305e-003	1.301642e+000	1.954456e+000
4.400538801808590e-003	1.172100e+000	1.951866e+000
4.413792150022876e-003	1.033183e+000	1.949280e+000
4.427045498237161e-003	8.848911e-001	1.946697e+000
4.435416033951446e-003	7.886858e-001	1.945068e+000
4.443786569665732e-003	6.909871e-001	1.943440e+000
4.452157105380017e-003	5.917950e-001	1.941813e+000
4.460527641094303e-003	4.911095e-001	1.940188e+000
4.468898176808588e-003	3.889306e-001	1.938564e+000
4.477268712522874e-003	2.852583e-001	1.936941e+000
4.485639248237160e-003	1.800926e-001	1.935320e+000
4.500287685737159e-003	-3.740827e-003	1.932486e+000
4.505170498237159e-003	-6.523219e-002	1.931543e+000
4.510053310737159e-003	-1.265185e-001	1.930599e+000
4.514936123237159e-003	-1.875998e-001	1.929656e+000
4.519818935737159e-003	-2.484761e-001	1.928714e+000
4.524701748237159e-003	-3.091474e-001	1.927772e+000
4.529584560737159e-003	-3.696136e-001	1.926831e+000
4.534467373237159e-003	-4.298748e-001	1.925890e+000
4.544930542880015e-003	-5.585590e-001	1.923875e+000
4.555393712522873e-003	-6.835276e-001	1.921863e+000
4.565856882165729e-003	-8.047806e-001	1.919852e+000
4.576320051808586e-003	-9.223182e-001	1.917843e+000
4.586783221451443e-003	-1.036140e+000	1.915837e+000
4.597246391094300e-003	-1.146247e+000	1.913833e+000
4.607709560737157e-003	-1.252637e+000	1.911831e+000
4.624450632165728e-003	-1.412540e+000	1.908632e+000
4.641191703594299e-003	-1.553550e+000	1.905438e+000
4.657932775022871e-003	-1.675665e+000	1.902250e+000
4.674673846451441e-003	-1.778888e+000	1.899066e+000
4.691414917880012e-003	-1.863217e+000	1.895889e+000
4.708155989308583e-003	-1.928652e+000	1.892716e+000
4.724897060737155e-003	-1.975194e+000	1.889549e+000
4.745125855380011e-003	-1.996758e+000	1.885729e+000
4.765354650022868e-003	-1.987917e+000	1.881917e+000
4.785583444665725e-003	-1.948670e+000	1.878113e+000
4.805812239308581e-003	-1.879016e+000	1.874316e+000
4.826041033951438e-003	-1.778956e+000	1.870527e+000
4.846269828594295e-003	-1.648490e+000	1.866745e+000
4.866498623237152e-003	-1.487618e+000	1.862971e+000
4.878356882165723e-003	-1.382296e+000	1.860763e+000
4.890215141094294e-003	-1.270949e+000	1.858557e+000
4.902073400022865e-003	-1.153574e+000	1.856353e+000
4.913931658951436e-003	-1.030173e+000	1.854152e+000
4.925789917880007e-003	-9.007453e-001	1.851954e+000
4.937648176808578e-003	-7.652911e-001	1.849759e+000
4.949506435737150e-003	-6.238104e-001	1.847566e+000
4.955784337522864e-003	-5.480891e-001	1.846406e+000
4.962062239308578e-003	-4.718145e-001	1.845246e+000
4.968340141094292e-003	-3.949863e-001	1.844088e+000
4.974618042880006e-003	-3.176047e-001	1.842930e+000
4.980895944665721e-003	-2.396696e-001	1.841773e+000
4.987173846451434e-003	-1.611810e-001	1.840617e+000
4.993451748237149e-003	-8.213899e-002	1.839461e+000
4.998334560737149e-003	-2.080249e-002	1.838563e+000
4.999990000000000e-003	-2.449294e-015	1.838258e+000
