time	V(1ni)	V(vout)
0.000000000000000e+000	1.256637e-004	4.624802e-009
1.249692044785789e-006	1.583135e-002	6.231988e-007
2.499384089571579e-006	3.153386e-002	1.321745e-006
3.749076134357368e-006	4.723319e-002	2.100265e-006
4.998768179143157e-006	6.292935e-002	2.958757e-006
6.248460223928947e-006	7.862234e-002	3.897221e-006
7.498152268714735e-006	9.431215e-002	4.915658e-006
8.747844313500522e-006	1.099988e-001	6.014068e-006
1.206687672012554e-005	1.516169e-001	1.012300e-005
1.488582299663972e-005	1.869133e-001	1.585848e-005
1.738710125936885e-005	2.181833e-001	2.450603e-005
1.973179446134153e-005	2.474470e-001	3.838446e-005
2.200263057290773e-005	2.757378e-001	6.179736e-005
2.438815746545218e-005	3.053969e-001	1.044730e-004
2.662300917147719e-005	3.331205e-001	1.743155e-004
2.891278081773811e-005	3.614572e-001	2.980559e-004
3.112880740917252e-005	3.888101e-001	5.036764e-004
3.341200358097614e-005	4.169132e-001	8.628142e-004
3.570541964244027e-005	4.450558e-001	1.467263e-003
3.812822511442617e-005	4.746855e-001	2.520517e-003
4.069535020405926e-005	5.059601e-001	4.330986e-003
4.355765195743896e-005	5.406751e-001	7.541018e-003
4.685972410309014e-005	5.805059e-001	1.330899e-002
5.102879973000242e-005	6.304358e-001	2.418885e-002
5.591161223000241e-005	6.883610e-001	4.199220e-002
6.079442473000241e-005	7.456385e-001	6.519564e-002
6.567723723000242e-005	8.022141e-001	9.353331e-002
7.056004973000243e-005	8.580348e-001	1.263361e-001
7.544286223000243e-005	9.130479e-001	1.628871e-001
8.032567473000244e-005	9.672017e-001	2.024913e-001
8.520848723000244e-005	1.020445e+000	2.445129e-001
9.009129973000244e-005	1.072728e+000	2.883905e-001
9.497411223000245e-005	1.124002e+000	3.336371e-001
9.985692473000245e-005	1.174217e+000	3.798342e-001
1.047397372300025e-004	1.223328e+000	4.266238e-001
1.096225497300025e-004	1.271287e+000	4.737009e-001
1.193881747300025e-004	1.363571e+000	5.677159e-001
1.291537997300025e-004	1.450724e+000	6.602231e-001
1.438022372300025e-004	1.571118e+000	7.935780e-001
1.584506747300025e-004	1.678212e+000	9.179586e-001
1.730991122300025e-004	1.771100e+000	1.031403e+000
1.877475497300025e-004	1.848995e+000	1.132543e+000
2.023959872300025e-004	1.911238e+000	1.220420e+000
2.086738890157168e-004	1.933042e+000	1.253860e+000
2.149517908014311e-004	1.951779e+000	1.284695e+000
2.212296925871454e-004	1.967450e+000	1.312925e+000
2.275075943728597e-004	1.980055e+000	1.338552e+000
2.337854961585740e-004	1.989594e+000	1.361574e+000
2.400633979442883e-004	1.996067e+000	1.381991e+000
2.463412997300026e-004	1.999474e+000	1.399805e+000
2.561069247300026e-004	1.998523e+000	1.422594e+000
2.609897372300026e-004	1.995225e+000	1.431809e+000
2.658725497300026e-004	1.990050e+000	1.439644e+000
2.707553622300026e-004	1.983001e+000	1.446170e+000
2.756381747300026e-004	1.974086e+000	1.451476e+000
2.805209872300026e-004	1.963313e+000	1.455664e+000
2.854037997300026e-004	1.950693e+000	1.458849e+000
2.902866122300026e-004	1.936236e+000	1.461158e+000
2.951694247300026e-004	1.919957e+000	1.462720e+000
3.000522372300026e-004	1.901871e+000	1.463665e+000
3.049350497300026e-004	1.881995e+000	1.464120e+000
3.098178622300026e-004	1.860348e+000	1.464200e+000
3.147006747300026e-004	1.836950e+000	1.464005e+000
3.195834872300026e-004	1.811823e+000	1.463619e+000
3.244662997300026e-004	1.784991e+000	1.463103e+000
3.293491122300026e-004	1.756479e+000	1.462505e+000
3.342319247300026e-004	1.726314e+000	1.461857e+000
3.391147372300026e-004	1.694524e+000	1.461178e+000
3.439975497300026e-004	1.661139e+000	1.460482e+000
3.488803622300027e-004	1.626191e+000	1.459778e+000
3.537631747300027e-004	1.589712e+000	1.459068e+000
3.586459872300027e-004	1.551737e+000	1.458357e+000
3.635287997300027e-004	1.512302e+000	1.457644e+000
3.684116122300027e-004	1.471443e+000	1.456931e+000
3.781772372300027e-004	1.385611e+000	1.455506e+000
3.893379515157170e-004	1.279688e+000	1.453878e+000
4.004986658014313e-004	1.168907e+000	1.452252e+000
4.116593800871456e-004	1.053268e+000	1.450628e+000
4.228200943728599e-004	9.327704e-001	1.449005e+000
4.339808086585742e-004	8.074146e-001	1.447384e+000
4.451415229442885e-004	6.772005e-001	1.445766e+000
4.563022372300027e-004	5.421281e-001	1.444149e+000
4.618825943728599e-004	4.740970e-001	1.443341e+000
4.674629515157170e-004	4.056947e-001	1.442533e+000
4.730433086585742e-004	3.369211e-001	1.441726e+000
4.786236658014313e-004	2.677763e-001	1.440920e+000
4.842040229442885e-004	1.982603e-001	1.440114e+000
4.897843800871456e-004	1.283730e-001	1.439309e+000
4.953647372300027e-004	5.811458e-002	1.438504e+000
5.051303622300027e-004	-6.458446e-002	1.437096e+000
5.114082640157170e-004	-1.436660e-001	1.436192e+000
5.176861658014313e-004	-2.222209e-001	1.435288e+000
5.239640675871457e-004	-3.002493e-001	1.434385e+000
5.302419693728599e-004	-3.777510e-001	1.433483e+000
5.365198711585742e-004	-4.547261e-001	1.432581e+000
5.427977729442885e-004	-5.311746e-001	1.431680e+000
5.490756747300028e-004	-6.070964e-001	1.430779e+000
5.609339336585742e-004	-7.490353e-001	1.429080e+000
5.727921925871457e-004	-8.850289e-001	1.427382e+000
5.846504515157171e-004	-1.015077e+000	1.425687e+000
5.965087104442885e-004	-1.139181e+000	1.423994e+000
6.083669693728600e-004	-1.257339e+000	1.422303e+000
6.202252283014314e-004	-1.369552e+000	1.420615e+000
6.320834872300028e-004	-1.475819e+000	1.418928e+000
6.537073711585743e-004	-1.649011e+000	1.415859e+000
6.753312550871458e-004	-1.787336e+000	1.412796e+000
6.969551390157172e-004	-1.890795e+000	1.409741e+000
7.185790229442886e-004	-1.959387e+000	1.406693e+000
7.402029068728601e-004	-1.993112e+000	1.403653e+000
7.618267908014316e-004	-1.991970e+000	1.400620e+000
7.834506747300030e-004	-1.955962e+000	1.397594e+000
7.994942015157173e-004	-1.901516e+000	1.395354e+000
8.155377283014316e-004	-1.830087e+000	1.393117e+000
8.315812550871459e-004	-1.741676e+000	1.390885e+000
8.476247818728602e-004	-1.636281e+000	1.388657e+000
8.636683086585746e-004	-1.513904e+000	1.386432e+000
8.797118354442889e-004	-1.374544e+000	1.384212e+000
8.957553622300031e-004	-1.218200e+000	1.381996e+000
9.055209872300031e-004	-1.117614e+000	1.380648e+000
9.152866122300031e-004	-1.013833e+000	1.379302e+000
9.250522372300031e-004	-9.068580e-001	1.377958e+000
9.348178622300031e-004	-7.966885e-001	1.376615e+000
9.445834872300031e-004	-6.833246e-001	1.375273e+000
9.543491122300031e-004	-5.667664e-001	1.373933e+000
9.641147372300031e-004	-4.470138e-001	1.372595e+000
9.689975497300030e-004	-3.868628e-001	1.371926e+000
9.738803622300030e-004	-3.264904e-001	1.371257e+000
9.787631747300029e-004	-2.658966e-001	1.370589e+000
9.836459872300028e-004	-2.050813e-001	1.369921e+000
9.885287997300029e-004	-1.440446e-001	1.369254e+000
9.934116122300028e-004	-8.278641e-002	1.368587e+000
9.982944247300027e-004	-2.130682e-002	1.367920e+000
1.012942862230002e-003	1.625908e-001	1.365922e+000
1.020615853301431e-003	2.590119e-001	1.364876e+000
1.028288844372859e-003	3.542854e-001	1.363832e+000
1.035961835444288e-003	4.484114e-001	1.362788e+000
1.043634826515716e-003	5.413899e-001	1.361745e+000
1.051307817587145e-003	6.332209e-001	1.360703e+000
1.058980808658573e-003	7.239044e-001	1.359662e+000
1.066653799730001e-003	8.134404e-001	1.358621e+000
1.073629246158573e-003	8.930697e-001	1.357676e+000
1.080604692587144e-003	9.706233e-001	1.356731e+000
1.087580139015715e-003	1.046101e+000	1.355788e+000
1.094555585444287e-003	1.119503e+000	1.354845e+000
1.101531031872858e-003	1.190829e+000	1.353902e+000
1.108506478301429e-003	1.260080e+000	1.352960e+000
1.115481924730000e-003	1.327254e+000	1.352019e+000
1.120364737230000e-003	1.372523e+000	1.351361e+000
1.125247549730000e-003	1.416500e+000	1.350704e+000
1.130130362230000e-003	1.459144e+000	1.350048e+000
1.135013174730000e-003	1.500415e+000	1.349394e+000
1.139895987230000e-003	1.540273e+000	1.348745e+000
1.144778799730000e-003	1.578682e+000	1.348107e+000
1.149661612230000e-003	1.615605e+000	1.347491e+000
1.154544424729999e-003	1.651007e+000	1.346917e+000
1.159427237229999e-003	1.684856e+000	1.346424e+000
1.164310049729999e-003	1.717119e+000	1.346082e+000
1.169192862229999e-003	1.747766e+000	1.345998e+000
1.174075674729999e-003	1.776767e+000	1.346328e+000
1.178958487229999e-003	1.804097e+000	1.347274e+000
1.183841299729999e-003	1.829729e+000	1.349053e+000
1.188724112229999e-003	1.853638e+000	1.351863e+000
1.198489737229999e-003	1.896203e+000	1.361030e+000
1.203372549729998e-003	1.914818e+000	1.367375e+000
1.208255362229998e-003	1.931630e+000	1.374738e+000
1.213138174729998e-003	1.946625e+000	1.382923e+000
1.218020987229998e-003	1.959788e+000	1.391702e+000
1.222903799729998e-003	1.971106e+000	1.400838e+000
1.227786612229998e-003	1.980569e+000	1.410103e+000
1.232669424729998e-003	1.988168e+000	1.419286e+000
1.237552237229998e-003	1.993896e+000	1.428198e+000
1.242435049729998e-003	1.997747e+000	1.436681e+000
1.247317862229997e-003	1.999718e+000	1.444600e+000
1.252200674729997e-003	1.999807e+000	1.451851e+000
1.257083487229997e-003	1.998014e+000	1.458356e+000
1.271731924729997e-003	1.981367e+000	1.473038e+000
1.276614737229997e-003	1.972080e+000	1.476330e+000
1.281497549729997e-003	1.960937e+000	1.478883e+000
1.286380362229997e-003	1.947948e+000	1.480761e+000
1.291263174729997e-003	1.933125e+000	1.482045e+000
1.296145987229996e-003	1.916484e+000	1.482821e+000
1.301028799729996e-003	1.898039e+000	1.483180e+000
1.305911612229996e-003	1.877807e+000	1.483211e+000
1.310794424729996e-003	1.855808e+000	1.482994e+000
1.315677237229996e-003	1.832062e+000	1.482599e+000
1.320560049729996e-003	1.806592e+000	1.482080e+000
1.325442862229996e-003	1.779422e+000	1.481480e+000
1.330325674729996e-003	1.750577e+000	1.480828e+000
1.335208487229996e-003	1.720085e+000	1.480144e+000
1.340091299729995e-003	1.687973e+000	1.479442e+000
1.344974112229995e-003	1.654273e+000	1.478730e+000
1.349856924729995e-003	1.619016e+000	1.478012e+000
1.354739737229995e-003	1.582236e+000	1.477292e+000
1.359622549729995e-003	1.543966e+000	1.476570e+000
1.364505362229995e-003	1.504243e+000	1.475849e+000
1.369388174729995e-003	1.463104e+000	1.475127e+000
1.384036612229995e-003	1.331587e+000	1.472962e+000
1.394499781872851e-003	1.229453e+000	1.471418e+000
1.404962951515708e-003	1.123208e+000	1.469875e+000
1.415426121158565e-003	1.012851e+000	1.468334e+000
1.425889290801422e-003	8.983819e-001	1.466794e+000
1.436352460444279e-003	7.798015e-001	1.465256e+000
1.446815630087136e-003	6.571094e-001	1.463719e+000
1.457278799729993e-003	5.303056e-001	1.462185e+000
1.462859156872850e-003	4.621662e-001	1.461367e+000
1.468439514015707e-003	3.936704e-001	1.460549e+000
1.474019871158564e-003	3.248184e-001	1.459732e+000
1.479600228301421e-003	2.556100e-001	1.458916e+000
1.485180585444278e-003	1.860453e-001	1.458100e+000
1.490760942587135e-003	1.161243e-001	1.457284e+000
1.496341299729992e-003	4.584690e-002	1.456469e+000
1.510989737229992e-003	-1.381168e-001	1.454332e+000
1.518662728301420e-003	-2.346567e-001	1.453214e+000
1.526335719372849e-003	-3.301043e-001	1.452097e+000
1.534008710444277e-003	-4.244596e-001	1.450980e+000
1.541681701515705e-003	-5.177226e-001	1.449865e+000
1.549354692587134e-003	-6.098933e-001	1.448750e+000
1.557027683658562e-003	-7.009717e-001	1.447636e+000
1.564700674729991e-003	-7.909577e-001	1.446524e+000
1.577954022944276e-003	-9.432760e-001	1.444604e+000
1.591207371158561e-003	-1.086752e+000	1.442687e+000
1.604460719372847e-003	-1.221387e+000	1.440772e+000
1.617714067587132e-003	-1.347179e+000	1.438861e+000
1.630967415801418e-003	-1.464130e+000	1.436952e+000
1.644220764015703e-003	-1.572238e+000	1.435045e+000
1.657474112229989e-003	-1.671505e+000	1.433142e+000
1.686073442587131e-003	-1.841828e+000	1.429044e+000
1.714672772944273e-003	-1.950041e+000	1.424959e+000
1.743272103301416e-003	-1.996143e+000	1.420887e+000
1.771871433658558e-003	-1.980135e+000	1.416828e+000
1.800470764015700e-003	-1.902017e+000	1.412782e+000
1.829070094372842e-003	-1.761789e+000	1.408749e+000
1.857669424729984e-003	-1.559450e+000	1.404728e+000
1.869527683658556e-003	-1.460291e+000	1.403065e+000
1.881385942587127e-003	-1.354602e+000	1.401404e+000
1.893244201515698e-003	-1.242383e+000	1.399744e+000
1.905102460444269e-003	-1.123635e+000	1.398088e+000
1.916960719372840e-003	-9.983570e-001	1.396433e+000
1.928818978301412e-003	-8.665496e-001	1.394780e+000
1.940677237229983e-003	-7.282127e-001	1.393130e+000
1.947652683658554e-003	-6.454920e-001	1.392160e+000
1.954628130087125e-003	-5.619376e-001	1.391191e+000
1.961603576515696e-003	-4.775494e-001	1.390222e+000
1.968579022944268e-003	-3.923274e-001	1.389255e+000
1.975554469372839e-003	-3.062716e-001	1.388288e+000
1.982529915801410e-003	-2.193820e-001	1.387321e+000
1.989505362229982e-003	-1.316586e-001	1.386356e+000
2.013919424729981e-003	1.748189e-001	1.382982e+000
2.022289960444267e-003	2.800171e-001	1.381827e+000
2.030660496158552e-003	3.837359e-001	1.380674e+000
2.039031031872838e-003	4.859754e-001	1.379521e+000
2.047401567587123e-003	5.867355e-001	1.378369e+000
2.055772103301409e-003	6.860163e-001	1.377218e+000
2.064142639015694e-003	7.838177e-001	1.376069e+000
2.072513174729980e-003	8.801398e-001	1.374920e+000
2.078791076515694e-003	9.505346e-001	1.374059e+000
2.085068978301408e-003	1.019192e+000	1.373199e+000
2.091346880087122e-003	1.086111e+000	1.372339e+000
2.097624781872837e-003	1.151292e+000	1.371480e+000
2.103902683658551e-003	1.214736e+000	1.370621e+000
2.110180585444265e-003	1.276441e+000	1.369763e+000
2.116458487229979e-003	1.336409e+000	1.368905e+000
2.121341299729979e-003	1.381423e+000	1.368239e+000
2.126224112229979e-003	1.425137e+000	1.367573e+000
2.131106924729979e-003	1.467509e+000	1.366909e+000
2.135989737229979e-003	1.508501e+000	1.366246e+000
2.140872549729978e-003	1.548072e+000	1.365588e+000
2.145755362229978e-003	1.586187e+000	1.364938e+000
2.150638174729978e-003	1.622808e+000	1.364306e+000
2.155520987229978e-003	1.657902e+000	1.363709e+000
2.160403799729978e-003	1.691436e+000	1.363178e+000
2.165286612229978e-003	1.723378e+000	1.362770e+000
2.170169424729978e-003	1.753698e+000	1.362571e+000
2.175052237229978e-003	1.782368e+000	1.362714e+000
2.179935049729978e-003	1.809360e+000	1.363370e+000
2.184817862229977e-003	1.834649e+000	1.364735e+000
2.189700674729977e-003	1.858212e+000	1.366998e+000
2.194583487229977e-003	1.880025e+000	1.370303e+000
2.199466299729977e-003	1.900069e+000	1.374716e+000
2.204349112229977e-003	1.918325e+000	1.380217e+000
2.209231924729977e-003	1.934775e+000	1.386700e+000
2.214114737229977e-003	1.949405e+000	1.394000e+000
2.218997549729977e-003	1.962199e+000	1.401912e+000
2.223880362229977e-003	1.973147e+000	1.410213e+000
2.228763174729977e-003	1.982238e+000	1.418684e+000
2.233645987229976e-003	1.989464e+000	1.427119e+000
2.238528799729976e-003	1.994816e+000	1.435334e+000
2.243411612229976e-003	1.998292e+000	1.443167e+000
2.248294424729976e-003	1.999887e+000	1.450486e+000
2.253177237229976e-003	1.999599e+000	1.457185e+000
2.258060049729976e-003	1.997429e+000	1.463186e+000
2.272708487229976e-003	1.979659e+000	1.476636e+000
2.277591299729976e-003	1.969999e+000	1.479609e+000
2.282474112229975e-003	1.958486e+000	1.481888e+000
2.287356924729975e-003	1.945130e+000	1.483536e+000
2.292239737229975e-003	1.929942e+000	1.484630e+000
2.297122549729975e-003	1.912939e+000	1.485255e+000
2.302005362229975e-003	1.894135e+000	1.485498e+000
2.306888174729975e-003	1.873548e+000	1.485442e+000
2.311770987229975e-003	1.851198e+000	1.485163e+000
2.316653799729975e-003	1.827106e+000	1.484725e+000
2.321536612229975e-003	1.801294e+000	1.484178e+000
2.326419424729974e-003	1.773786e+000	1.483559e+000
2.331302237229974e-003	1.744610e+000	1.482895e+000
2.336185049729974e-003	1.713791e+000	1.482205e+000
2.341067862229974e-003	1.681360e+000	1.481498e+000
2.345950674729974e-003	1.647345e+000	1.480783e+000
2.350833487229974e-003	1.611781e+000	1.480064e+000
2.355716299729974e-003	1.574700e+000	1.479342e+000
2.360599112229974e-003	1.536136e+000	1.478619e+000
2.365481924729974e-003	1.496127e+000	1.477896e+000
2.370364737229974e-003	1.454710e+000	1.477173e+000
2.385013174729973e-003	1.322405e+000	1.475005e+000
2.395476344372830e-003	1.219752e+000	1.473459e+000
2.405939514015687e-003	1.113034e+000	1.471914e+000
2.416402683658544e-003	1.002250e+000	1.470370e+000
2.426865853301401e-003	8.874012e-001	1.468829e+000
2.437329022944258e-003	7.684871e-001	1.467288e+000
2.447792192587115e-003	6.455077e-001	1.465750e+000
2.458255362229972e-003	5.184631e-001	1.464213e+000
2.463835719372829e-003	4.502180e-001	1.463394e+000
2.469416076515686e-003	3.816314e-001	1.462576e+000
2.474996433658543e-003	3.127035e-001	1.461758e+000
2.480576790801400e-003	2.434341e-001	1.460940e+000
2.486157147944257e-003	1.738233e-001	1.460123e+000
2.491737505087114e-003	1.038711e-001	1.459306e+000
2.497317862229971e-003	3.357749e-002	1.458490e+000
2.511966299729971e-003	-1.503566e-001	1.456350e+000
2.519639290801399e-003	-2.468389e-001	1.455230e+000
2.527312281872828e-003	-3.422013e-001	1.454111e+000
2.534985272944256e-003	-4.364437e-001	1.452993e+000
2.542658264015684e-003	-5.295662e-001	1.451876e+000
2.550331255087112e-003	-6.215688e-001	1.450760e+000
2.558004246158541e-003	-7.124514e-001	1.449645e+000
2.565677237229969e-003	-8.022141e-001	1.448530e+000
2.578930585444255e-003	-9.540760e-001	1.446608e+000
2.592183933658540e-003	-1.097031e+000	1.444688e+000
2.605437281872826e-003	-1.231080e+000	1.442771e+000
2.618690630087111e-003	-1.356223e+000	1.440857e+000
2.631943978301396e-003	-1.472459e+000	1.438945e+000
2.645197326515682e-003	-1.579789e+000	1.437036e+000
2.658450674729967e-003	-1.678212e+000	1.435130e+000
2.687050005087109e-003	-1.846417e+000	1.431027e+000
2.715649335444252e-003	-1.952531e+000	1.426936e+000
2.744248665801394e-003	-1.996554e+000	1.422859e+000
2.772847996158537e-003	-1.978486e+000	1.418794e+000
2.801447326515679e-003	-1.898327e+000	1.414742e+000
2.830046656872821e-003	-1.756078e+000	1.410703e+000
2.858645987229963e-003	-1.551737e+000	1.406677e+000
2.870504246158534e-003	-1.451881e+000	1.405012e+000
2.882362505087105e-003	-1.345550e+000	1.403348e+000
2.894220764015677e-003	-1.232743e+000	1.401687e+000
2.906079022944248e-003	-1.113462e+000	1.400028e+000
2.917937281872819e-003	-9.877063e-001	1.398371e+000
2.929795540801390e-003	-8.554754e-001	1.396716e+000
2.941653799729961e-003	-7.167695e-001	1.395063e+000
2.948629246158533e-003	-6.338651e-001	1.394092e+000
2.955604692587104e-003	-5.501498e-001	1.393121e+000
2.962580139015675e-003	-4.656237e-001	1.392152e+000
2.969555585444247e-003	-3.802867e-001	1.391182e+000
2.976531031872818e-003	-2.941390e-001	1.390214e+000
2.983506478301389e-003	-2.071804e-001	1.389247e+000
2.990481924729960e-003	-1.194109e-001	1.388280e+000
3.010013174729960e-003	1.258717e-001	1.385576e+000
3.017686165801388e-003	2.224656e-001	1.384516e+000
3.025359156872817e-003	3.179948e-001	1.383456e+000
3.033032147944245e-003	4.124595e-001	1.382397e+000
3.040705139015673e-003	5.058594e-001	1.381339e+000
3.048378130087102e-003	5.981948e-001	1.380282e+000
3.056051121158530e-003	6.894655e-001	1.379226e+000
3.063724112229959e-003	7.796715e-001	1.378170e+000
3.071397103301387e-003	8.680019e-001	1.377116e+000
3.079070094372816e-003	9.538337e-001	1.376062e+000
3.086743085444244e-003	1.037167e+000	1.375009e+000
3.094416076515672e-003	1.118002e+000	1.373957e+000
3.102089067587101e-003	1.196338e+000	1.372905e+000
3.109762058658529e-003	1.272175e+000	1.371855e+000
3.117435049729958e-003	1.345514e+000	1.370805e+000
3.122317862229958e-003	1.390271e+000	1.370138e+000
3.127200674729957e-003	1.433720e+000	1.369471e+000
3.132083487229957e-003	1.475819e+000	1.368806e+000
3.136966299729957e-003	1.516530e+000	1.368143e+000
3.141849112229957e-003	1.555813e+000	1.367484e+000
3.146731924729957e-003	1.593631e+000	1.366836e+000
3.151614737229957e-003	1.629950e+000	1.366206e+000
3.156497549729957e-003	1.664735e+000	1.365615e+000
3.161380362229957e-003	1.697953e+000	1.365097e+000
3.166263174729957e-003	1.729573e+000	1.364709e+000
3.171145987229956e-003	1.759565e+000	1.364547e+000
3.176028799729956e-003	1.787901e+000	1.364744e+000
3.180911612229956e-003	1.814555e+000	1.365477e+000
3.185794424729956e-003	1.839500e+000	1.366939e+000
3.190677237229956e-003	1.862715e+000	1.369313e+000
3.200442862229956e-003	1.903864e+000	1.377249e+000
3.205325674729956e-003	1.921760e+000	1.382833e+000
3.210208487229956e-003	1.937847e+000	1.389369e+000
3.215091299729956e-003	1.952111e+000	1.396688e+000
3.219974112229955e-003	1.964537e+000	1.404581e+000
3.224856924729955e-003	1.975114e+000	1.412828e+000
3.229739737229955e-003	1.983833e+000	1.421213e+000
3.234622549729955e-003	1.990684e+000	1.429532e+000
3.239505362229955e-003	1.995662e+000	1.437607e+000
3.244388174729955e-003	1.998761e+000	1.445281e+000
3.249270987229955e-003	1.999980e+000	1.452426e+000
3.254153799729955e-003	1.999316e+000	1.458941e+000
3.259036612229955e-003	1.996770e+000	1.464753e+000
3.268802237229954e-003	1.986045e+000	1.474115e+000
3.273685049729954e-003	1.977876e+000	1.477654e+000
3.278567862229954e-003	1.967845e+000	1.480464e+000
3.283450674729954e-003	1.955962e+000	1.482595e+000
3.288333487229954e-003	1.942238e+000	1.484113e+000
3.293216299729954e-003	1.926686e+000	1.485097e+000
3.298099112229954e-003	1.909321e+000	1.485631e+000
3.302981924729954e-003	1.890159e+000	1.485802e+000
3.307864737229954e-003	1.869218e+000	1.485693e+000
3.312747549729953e-003	1.846518e+000	1.485375e+000
3.317630362229953e-003	1.822080e+000	1.484910e+000
3.322513174729953e-003	1.795927e+000	1.484344e+000
3.327395987229953e-003	1.768084e+000	1.483714e+000
3.332278799729953e-003	1.738576e+000	1.483043e+000
3.337161612229953e-003	1.707433e+000	1.482348e+000
3.342044424729953e-003	1.674682e+000	1.481640e+000
3.346927237229953e-003	1.640356e+000	1.480923e+000
3.351810049729953e-003	1.604485e+000	1.480203e+000
3.356692862229953e-003	1.567104e+000	1.479481e+000
3.361575674729952e-003	1.528249e+000	1.478758e+000
3.366458487229952e-003	1.487955e+000	1.478034e+000
3.376224112229952e-003	1.403205e+000	1.476588e+000
3.387384826515666e-003	1.298449e+000	1.474937e+000
3.398545540801380e-003	1.188732e+000	1.473288e+000
3.409706255087094e-003	1.074052e+000	1.471640e+000
3.420866969372808e-003	9.544097e-001	1.469994e+000
3.432027683658522e-003	8.298057e-001	1.468350e+000
3.443188397944236e-003	7.002396e-001	1.466708e+000
3.454349112229950e-003	5.657115e-001	1.465067e+000
3.459929469372808e-003	4.979047e-001	1.464248e+000
3.465509826515664e-003	4.296968e-001	1.463429e+000
3.471090183658522e-003	3.610880e-001	1.462610e+000
3.476670540801378e-003	2.920782e-001	1.461792e+000
3.482250897944236e-003	2.226674e-001	1.460975e+000
3.487831255087092e-003	1.528557e-001	1.460157e+000
3.493411612229950e-003	8.264292e-002	1.459341e+000
3.496899335444235e-003	3.878341e-002	1.458831e+000
3.500387058658521e-003	-5.042155e-003	1.458321e+000
3.503874781872807e-003	-4.883378e-002	1.457811e+000
3.507362505087092e-003	-9.259146e-002	1.457301e+000
3.510850228301378e-003	-1.363152e-001	1.456792e+000
3.514337951515663e-003	-1.800050e-001	1.456283e+000
3.517825674729949e-003	-2.236609e-001	1.455773e+000
3.526196210444235e-003	-3.285299e-001	1.454552e+000
3.534566746158520e-003	-4.317896e-001	1.453333e+000
3.542937281872806e-003	-5.334400e-001	1.452114e+000
3.551307817587091e-003	-6.334812e-001	1.450896e+000
3.559678353301377e-003	-7.319130e-001	1.449679e+000
3.568048889015662e-003	-8.287357e-001	1.448464e+000
3.576419424729948e-003	-9.239490e-001	1.447249e+000
3.590370317587090e-003	-1.078140e+000	1.445227e+000
3.604321210444233e-003	-1.221544e+000	1.443209e+000
3.618272103301375e-003	-1.354162e+000	1.441193e+000
3.632222996158518e-003	-1.475993e+000	1.439181e+000
3.646173889015661e-003	-1.587038e+000	1.437171e+000
3.660124781872803e-003	-1.687296e+000	1.435165e+000
3.674075674729946e-003	-1.776767e+000	1.433161e+000
3.700582371158517e-003	-1.903711e+000	1.429364e+000
3.727089067587087e-003	-1.977254e+000	1.425577e+000
3.753595764015658e-003	-1.997397e+000	1.421801e+000
3.780102460444229e-003	-1.964140e+000	1.418037e+000
3.806609156872800e-003	-1.877482e+000	1.414283e+000
3.833115853301371e-003	-1.737424e+000	1.410541e+000
3.859622549729942e-003	-1.543966e+000	1.406810e+000
3.871480808658513e-003	-1.443416e+000	1.405144e+000
3.883339067587084e-003	-1.336447e+000	1.403480e+000
3.895197326515656e-003	-1.223057e+000	1.401819e+000
3.907055585444227e-003	-1.103248e+000	1.400159e+000
3.918913844372798e-003	-9.770183e-001	1.398502e+000
3.930772103301369e-003	-8.443689e-001	1.396847e+000
3.942630362229940e-003	-7.052994e-001	1.395194e+000
3.949605808658512e-003	-6.222143e-001	1.394223e+000
3.956581255087083e-003	-5.383413e-001	1.393252e+000
3.963556701515655e-003	-4.536804e-001	1.392283e+000
3.970532147944225e-003	-3.682318e-001	1.391313e+000
3.977507594372797e-003	-2.819953e-001	1.390345e+000
3.984483040801368e-003	-1.949710e-001	1.389377e+000
3.991458487229939e-003	-1.071588e-001	1.388410e+000
3.994946210444225e-003	-6.331893e-002	1.387927e+000
3.998433933658511e-003	-1.950121e-002	1.387444e+000
4.001921656872796e-003	2.429435e-002	1.386961e+000
4.005409380087082e-003	6.806774e-002	1.386479e+000
4.008897103301367e-003	1.118190e-001	1.385996e+000
4.012384826515654e-003	1.555480e-001	1.385514e+000
4.015872549729939e-003	1.992549e-001	1.385032e+000
4.024243085444224e-003	3.042964e-001	1.383875e+000
4.032613621158510e-003	4.077934e-001	1.382720e+000
4.040984156872795e-003	5.097461e-001	1.381565e+000
4.049354692587081e-003	6.101543e-001	1.380412e+000
4.057725228301366e-003	7.090181e-001	1.379260e+000
4.066095764015652e-003	8.063374e-001	1.378108e+000
4.074466299729938e-003	9.021124e-001	1.376958e+000
4.080744201515652e-003	9.720567e-001	1.376095e+000
4.087022103301366e-003	1.040232e+000	1.375234e+000
4.093300005087080e-003	1.106638e+000	1.374373e+000
4.099577906872794e-003	1.171274e+000	1.373512e+000
4.105855808658509e-003	1.234142e+000	1.372652e+000
4.112133710444222e-003	1.295240e+000	1.371793e+000
4.118411612229937e-003	1.354568e+000	1.370934e+000
4.123294424729937e-003	1.399067e+000	1.370267e+000
4.128177237229937e-003	1.442249e+000	1.369600e+000
4.133060049729936e-003	1.484074e+000	1.368935e+000
4.137942862229936e-003	1.524502e+000	1.368273e+000
4.142825674729936e-003	1.563495e+000	1.367616e+000
4.147708487229936e-003	1.601016e+000	1.366970e+000
4.152591299729936e-003	1.637031e+000	1.366346e+000
4.157474112229936e-003	1.671505e+000	1.365765e+000
4.162356924729936e-003	1.704406e+000	1.365266e+000
4.167239737229936e-003	1.735703e+000	1.364913e+000
4.172122549729936e-003	1.765366e+000	1.364807e+000
4.177005362229935e-003	1.793368e+000	1.365093e+000
4.181888174729935e-003	1.819681e+000	1.365948e+000
4.186770987229935e-003	1.844283e+000	1.367570e+000
4.191653799729935e-003	1.867148e+000	1.370132e+000
4.201419424729935e-003	1.907587e+000	1.378477e+000
4.206302237229935e-003	1.925123e+000	1.384247e+000
4.211185049729935e-003	1.940846e+000	1.390939e+000
4.216067862229935e-003	1.954744e+000	1.398374e+000
4.220950674729935e-003	1.966801e+000	1.406341e+000
4.225833487229934e-003	1.977007e+000	1.414620e+000
4.230716299729934e-003	1.985353e+000	1.422994e+000
4.235599112229934e-003	1.991830e+000	1.431268e+000
4.240481924729934e-003	1.996432e+000	1.439264e+000
4.245364737229934e-003	1.999156e+000	1.446834e+000
4.250247549729934e-003	1.999997e+000	1.453852e+000
4.255130362229934e-003	1.998957e+000	1.460225e+000
4.264895987229934e-003	1.991235e+000	1.470793e+000
4.269778799729933e-003	1.984560e+000	1.474934e+000
4.274661612229933e-003	1.976018e+000	1.478320e+000
4.279544424729933e-003	1.965616e+000	1.480988e+000
4.284427237229933e-003	1.953364e+000	1.482988e+000
4.289310049729933e-003	1.939274e+000	1.484391e+000
4.294192862229933e-003	1.923358e+000	1.485277e+000
4.299075674729933e-003	1.905632e+000	1.485731e+000
4.303958487229933e-003	1.886113e+000	1.485839e+000
4.308841299729933e-003	1.864818e+000	1.485682e+000
4.313724112229933e-003	1.841769e+000	1.485330e+000
4.318606924729932e-003	1.816986e+000	1.484841e+000
4.323489737229932e-003	1.790493e+000	1.484260e+000
4.328372549729932e-003	1.762315e+000	1.483620e+000
4.333255362229932e-003	1.732478e+000	1.482943e+000
4.338138174729932e-003	1.701010e+000	1.482245e+000
4.343020987229932e-003	1.667942e+000	1.481534e+000
4.347903799729932e-003	1.633304e+000	1.480817e+000
4.352786612229932e-003	1.597129e+000	1.480096e+000
4.357669424729932e-003	1.559450e+000	1.479373e+000
4.362552237229932e-003	1.520304e+000	1.478650e+000
4.367435049729931e-003	1.479727e+000	1.477927e+000
4.377200674729931e-003	1.394434e+000	1.476481e+000
4.388361389015646e-003	1.289093e+000	1.474830e+000
4.399522103301359e-003	1.178842e+000	1.473180e+000
4.410682817587074e-003	1.063680e+000	1.471533e+000
4.421843531872787e-003	9.436079e-001	1.469887e+000
4.433004246158502e-003	8.186256e-001	1.468243e+000
4.444164960444215e-003	6.887331e-001	1.466601e+000
4.455325674729930e-003	5.539302e-001	1.464961e+000
4.460906031872786e-003	4.860100e-001	1.464141e+000
4.466486389015644e-003	4.177036e-001	1.463322e+000
4.472066746158501e-003	3.490111e-001	1.462504e+000
4.477647103301357e-003	2.799325e-001	1.461686e+000
4.483227460444214e-003	2.104678e-001	1.460868e+000
4.488807817587072e-003	1.406170e-001	1.460051e+000
4.494388174729929e-003	7.038008e-002	1.459235e+000
4.509036612229928e-003	-1.136219e-001	1.457093e+000
4.516709603301357e-003	-2.102661e-001	1.455973e+000
4.524382594372785e-003	-3.058734e-001	1.454853e+000
4.532055585444213e-003	-4.004438e-001	1.453735e+000
4.539728576515642e-003	-4.939772e-001	1.452617e+000
4.547401567587071e-003	-5.864737e-001	1.451501e+000
4.555074558658499e-003	-6.779333e-001	1.450385e+000
4.562747549729927e-003	-7.683560e-001	1.449270e+000
4.575303353301355e-003	-9.134542e-001	1.447448e+000
4.587859156872784e-003	-1.050875e+000	1.445628e+000
4.600414960444212e-003	-1.180617e+000	1.443810e+000
4.612970764015641e-003	-1.302682e+000	1.441995e+000
4.625526567587069e-003	-1.417068e+000	1.440183e+000
4.638082371158497e-003	-1.523777e+000	1.438373e+000
4.650638174729925e-003	-1.622808e+000	1.436565e+000
4.680632594372782e-003	-1.814705e+000	1.432257e+000
4.710627014015639e-003	-1.938509e+000	1.427963e+000
4.740621433658495e-003	-1.994220e+000	1.423684e+000
4.770615853301351e-003	-1.981838e+000	1.419418e+000
4.800610272944208e-003	-1.901363e+000	1.415167e+000
4.830604692587065e-003	-1.752796e+000	1.410930e+000
4.860599112229921e-003	-1.536136e+000	1.406708e+000
4.865481924729921e-003	-1.496025e+000	1.406022e+000
4.870364737229921e-003	-1.454606e+000	1.405336e+000
4.875247549729921e-003	-1.411881e+000	1.404650e+000
4.880130362229920e-003	-1.367848e+000	1.403965e+000
4.885013174729920e-003	-1.322509e+000	1.403281e+000
4.889895987229920e-003	-1.275863e+000	1.402596e+000
4.894778799729920e-003	-1.227910e+000	1.401913e+000
4.899661612229920e-003	-1.178907e+000	1.401229e+000
4.909427237229920e-003	-1.076578e+000	1.399863e+000
4.919192862229920e-003	-9.712219e-001	1.398498e+000
4.928958487229919e-003	-8.628391e-001	1.397135e+000
4.938724112229919e-003	-7.514293e-001	1.395774e+000
4.948489737229919e-003	-6.369927e-001	1.394413e+000
4.958255362229919e-003	-5.195290e-001	1.393055e+000
4.968020987229919e-003	-3.990384e-001	1.391697e+000
4.971508710444204e-003	-3.559471e-001	1.391213e+000
4.974996433658490e-003	-3.127369e-001	1.390729e+000
4.978484156872775e-003	-2.694078e-001	1.390244e+000
4.981971880087061e-003	-2.259599e-001	1.389761e+000
4.985459603301347e-003	-1.823930e-001	1.389277e+000
4.988947326515633e-003	-1.387073e-001	1.388793e+000
4.992435049729918e-003	-9.490266e-002	1.388310e+000
4.997317862229918e-003	-3.357749e-002	1.387634e+000
4.999990000000000e-003	-2.449294e-015	1.387264e+000
